{"utc_timestamp_ns":-1,"tracking_timestamp_us":1794511683,"ImuCalibrations":[{"Calibrated":true,"Gyroscope":{"TimeOffsetSec_Device_Gyro":0.0013216553488746285,"Bias":{"Name":"Constant","Offset":[-0.0020011207517519934,-0.009576953625152434,0.00037544414587258295]},"Model":{"Name":"LinearGSensitivity","RectificationMatrix":[[1.0011019706726074,0.0011594982352107763,-0.0017974094953387976],[0.0001158840095740743,1.0043537616729736,-0.008681693114340305],[0.004489918239414692,0.009492415003478527,0.9835180044174194]],"GSensitivityMatrix":[[0,0,0],[0,0,0],[0,0,0]]}},"Accelerometer":{"TimeOffsetSec_Device_Accel":0.0005378523492254317,"Bias":{"Name":"Constant","Offset":[0.04200150451083666,-0.09880926264432861,0.04997874344658913]},"Model":{"Name":"UpperTriagonalLinear","RectificationMatrix":[[0.9939475655555725,-0.0004091938608326018,0.00022531964350491762],[0,0.9938291907310486,-0.009225096553564072],[0,0,1.0032925605773926]]}},"T_Device_Imu":{"Translation":[0.0004887908475151755,-0.00024996332799621544,-0.006502042578602889],"UnitQuaternion":[0.028829548980792676,[-0.6995050887345462,-0.7133042954003671,0.032534137508541866]]},"SerialNumber":"","Label":"imu-left"},{"Calibrated":true,"Gyroscope":{"TimeOffsetSec_Device_Gyro":0.0037496581207960844,"Bias":{"Name":"Constant","Offset":[0.002649571757015651,-0.0005502867391970142,0.0017261658627387565]},"Model":{"Name":"LinearGSensitivity","RectificationMatrix":[[0.9999222159385681,0.0046139070764184,0.0008051072945818305],[-0.005316737107932568,0.9994175434112549,-0.0035575132351368666],[-0.0012248550774529576,0.0009730728343129158,1.004387617111206]],"GSensitivityMatrix":[[0,0,0],[0,0,0],[0,0,0]]}},"Accelerometer":{"TimeOffsetSec_Device_Accel":0.0023718879092484713,"Bias":{"Name":"Constant","Offset":[-0.41179878660399544,-0.18209641361868703,-0.4037741363236163]},"Model":{"Name":"UpperTriagonalLinear","RectificationMatrix":[[1.0021001100540161,-0.0008993035880848765,0.0006330522592179477],[0,0.9986463189125061,-0.002879898063838482],[0,0,1.0022094249725342]]}},"T_Device_Imu":{"Translation":[0.00539528262731229,-0.10500293700015498,-0.09023187922047915],"UnitQuaternion":[0.6140221818512043,[-0.7822321336145902,-0.0924544992923777,0.05041641494640857]]},"SerialNumber":"","Label":"imu-right"}],"CameraCalibrations":[{"Calibrated":true,"Projection":{"Params":[242.16604614257812,319.03778076171875,243.19183349609375,-0.023741036653518677,0.09524291753768921,-0.06260571628808975,0.006069836672395468,0.0032877943012863398,-0.0006531442049890757,-0.00020653303363360465,0.0015925619518384337,0.00010889895202126354,-0.00016586913261562586,-0.0015532331308349967,0.00018341938266530633],"Description":"see FisheyeRadTanThinPrism.h","Name":"FisheyeRadTanThinPrism"},"T_Device_Camera":{"Translation":[-0.0006661759833693952,0.0008408891059160969,-0.000043741672543312626],"UnitQuaternion":[0.9999999346228944,[0.00003632403679282065,0.0003074224159369375,0.00018688560608668995]]},"SerialNumber":"0072510f1b210405090000071c220001","Label":"camera-slam-left"},{"Calibrated":true,"Projection":{"Params":[242.2893524169922,318.2650451660156,240.41998291015625,-0.02559790201485157,0.09968720376491547,-0.07003147900104523,0.012275307439267635,0.0008258657180704176,-0.00028248131275177,-0.000689647626131773,0.00015469331992790103,0.00034630822483450174,-0.00001967056050489191,0.00008710146357771009,-0.00009248741844203323],"Description":"see FisheyeRadTanThinPrism.h","Name":"FisheyeRadTanThinPrism"},"T_Device_Camera":{"Translation":[0.0049006904594417235,-0.11108441152793062,-0.08870850659576875],"UnitQuaternion":[0.7873465453880061,[0.6160560406852145,0.00831211868428963,0.02216485695438282]]},"SerialNumber":"0072510f1b2100050300001705180001","Label":"camera-slam-right"},{"Calibrated":true,"Projection":{"Params":[1220.592182729911,1464.618192267255,1442.370245962395,0.4143793791836057,-0.4859785980738274,0.1384912170175902,1.146000597558113,-1.66762626342011,0.6300994877479119,0.0007903390814906743,-0.0003460749279699183,-0.001078250965388323,0.00007704910825386041,0.0005214350246391408,-0.0001066039798202996],"Description":"see FisheyeRadTanThinPrism.h","Name":"FisheyeRadTanThinPrism"},"T_Device_Camera":{"Translation":[-0.004649907283024368,-0.0117841819813007,-0.005259712754704392],"UnitQuaternion":[0.9408775330482779,[0.3342488670083896,0.03661269624661617,0.041069126873451]]},"SerialNumber":"0450577b730511604401100000000000","Label":"camera-rgb"}]}
{"utc_timestamp_ns":-1,"tracking_timestamp_us":1794545011,"ImuCalibrations":[{"Calibrated":true,"Gyroscope":{"TimeOffsetSec_Device_Gyro":0.0013216553488746285,"Bias":{"Name":"Constant","Offset":[-0.0020011207517519934,-0.009576953625152434,0.00037544414587258295]},"Model":{"Name":"LinearGSensitivity","RectificationMatrix":[[1.0011019706726074,0.0011594982352107763,-0.0017974094953387976],[0.0001158840095740743,1.0043537616729736,-0.008681693114340305],[0.004489918239414692,0.009492415003478527,0.9835180044174194]],"GSensitivityMatrix":[[0,0,0],[0,0,0],[0,0,0]]}},"Accelerometer":{"TimeOffsetSec_Device_Accel":0.0005378523492254317,"Bias":{"Name":"Constant","Offset":[0.04200150451083666,-0.09880926264432861,0.04997874344658913]},"Model":{"Name":"UpperTriagonalLinear","RectificationMatrix":[[0.9939475655555725,-0.0004091938608326018,0.00022531964350491762],[0,0.9938291907310486,-0.009225096553564072],[0,0,1.0032925605773926]]}},"T_Device_Imu":{"Translation":[0.0004887908475151755,-0.00024996332799621544,-0.006502042578602889],"UnitQuaternion":[0.028829548980792676,[-0.6995050887345462,-0.7133042954003671,0.032534137508541866]]},"SerialNumber":"","Label":"imu-left"},{"Calibrated":true,"Gyroscope":{"TimeOffsetSec_Device_Gyro":0.0037496581207960844,"Bias":{"Name":"Constant","Offset":[0.002649571757015651,-0.0005502867391970142,0.0017261658627387565]},"Model":{"Name":"LinearGSensitivity","RectificationMatrix":[[0.9999222159385681,0.0046139070764184,0.0008051072945818305],[-0.005316737107932568,0.9994175434112549,-0.0035575132351368666],[-0.0012248550774529576,0.0009730728343129158,1.004387617111206]],"GSensitivityMatrix":[[0,0,0],[0,0,0],[0,0,0]]}},"Accelerometer":{"TimeOffsetSec_Device_Accel":0.0023718879092484713,"Bias":{"Name":"Constant","Offset":[-0.41179878660399544,-0.18209641361868703,-0.4037741363236163]},"Model":{"Name":"UpperTriagonalLinear","RectificationMatrix":[[1.0021001100540161,-0.0008993035880848765,0.0006330522592179477],[0,0.9986463189125061,-0.002879898063838482],[0,0,1.0022094249725342]]}},"T_Device_Imu":{"Translation":[0.00539528262731229,-0.10500293700015498,-0.09023187922047915],"UnitQuaternion":[0.6140221818512043,[-0.7822321336145902,-0.0924544992923777,0.05041641494640857]]},"SerialNumber":"","Label":"imu-right"}],"CameraCalibrations":[{"Calibrated":true,"Projection":{"Params":[242.16604614257812,319.03778076171875,243.19183349609375,-0.023741036653518677,0.09524291753768921,-0.06260571628808975,0.006069836672395468,0.0032877943012863398,-0.0006531442049890757,-0.00020653303363360465,0.0015925619518384337,0.00010889895202126354,-0.00016586913261562586,-0.0015532331308349967,0.00018341938266530633],"Description":"see FisheyeRadTanThinPrism.h","Name":"FisheyeRadTanThinPrism"},"T_Device_Camera":{"Translation":[-0.0006661759833693952,0.0008408891059160969,-0.000043741672543312626],"UnitQuaternion":[0.9999999346228944,[0.00003632403679282065,0.0003074224159369375,0.00018688560608668995]]},"SerialNumber":"0072510f1b210405090000071c220001","Label":"camera-slam-left"},{"Calibrated":true,"Projection":{"Params":[242.2893524169922,318.2650451660156,240.41998291015625,-0.02559790201485157,0.09968720376491547,-0.07003147900104523,0.012275307439267635,0.0008258657180704176,-0.00028248131275177,-0.000689647626131773,0.00015469331992790103,0.00034630822483450174,-0.00001967056050489191,0.00008710146357771009,-0.00009248741844203323],"Description":"see FisheyeRadTanThinPrism.h","Name":"FisheyeRadTanThinPrism"},"T_Device_Camera":{"Translation":[0.0049006904594417235,-0.11108441152793062,-0.08870850659576875],"UnitQuaternion":[0.7873465453880061,[0.6160560406852145,0.00831211868428963,0.02216485695438282]]},"SerialNumber":"0072510f1b2100050300001705180001","Label":"camera-slam-right"},{"Calibrated":true,"Projection":{"Params":[1220.592182729911,1464.618192267255,1442.370245962395,0.4143793791836057,-0.4859785980738274,0.1384912170175902,1.146000597558113,-1.66762626342011,0.6300994877479119,0.0007903390814906743,-0.0003460749279699183,-0.001078250965388323,0.00007704910825386041,0.0005214350246391408,-0.0001066039798202996],"Description":"see FisheyeRadTanThinPrism.h","Name":"FisheyeRadTanThinPrism"},"T_Device_Camera":{"Translation":[-0.004649907283024368,-0.0117841819813007,-0.005259712754704392],"UnitQuaternion":[0.9408775330482779,[0.3342488670083896,0.03661269624661617,0.041069126873451]]},"SerialNumber":"0450577b730511604401100000000000","Label":"camera-rgb"}]}
{"utc_timestamp_ns":-1,"tracking_timestamp_us":1794578339,"ImuCalibrations":[{"Calibrated":true,"Gyroscope":{"TimeOffsetSec_Device_Gyro":0.0013216553488746285,"Bias":{"Name":"Constant","Offset":[-0.0020011207517519934,-0.009576953625152434,0.00037544414587258295]},"Model":{"Name":"LinearGSensitivity","RectificationMatrix":[[1.0011019706726074,0.0011594982352107763,-0.0017974094953387976],[0.0001158840095740743,1.0043537616729736,-0.008681693114340305],[0.004489918239414692,0.009492415003478527,0.9835180044174194]],"GSensitivityMatrix":[[0,0,0],[0,0,0],[0,0,0]]}},"Accelerometer":{"TimeOffsetSec_Device_Accel":0.0005378523492254317,"Bias":{"Name":"Constant","Offset":[0.04200150451083666,-0.09880926264432861,0.04997874344658913]},"Model":{"Name":"UpperTriagonalLinear","RectificationMatrix":[[0.9939475655555725,-0.0004091938608326018,0.00022531964350491762],[0,0.9938291907310486,-0.009225096553564072],[0,0,1.0032925605773926]]}},"T_Device_Imu":{"Translation":[0.0004887908475151755,-0.00024996332799621544,-0.006502042578602889],"UnitQuaternion":[0.028829548980792676,[-0.6995050887345462,-0.7133042954003671,0.032534137508541866]]},"SerialNumber":"","Label":"imu-left"},{"Calibrated":true,"Gyroscope":{"TimeOffsetSec_Device_Gyro":0.0037496581207960844,"Bias":{"Name":"Constant","Offset":[0.002649571757015651,-0.0005502867391970142,0.0017261658627387565]},"Model":{"Name":"LinearGSensitivity","RectificationMatrix":[[0.9999222159385681,0.0046139070764184,0.0008051072945818305],[-0.005316737107932568,0.9994175434112549,-0.0035575132351368666],[-0.0012248550774529576,0.0009730728343129158,1.004387617111206]],"GSensitivityMatrix":[[0,0,0],[0,0,0],[0,0,0]]}},"Accelerometer":{"TimeOffsetSec_Device_Accel":0.0023718879092484713,"Bias":{"Name":"Constant","Offset":[-0.41179878660399544,-0.18209641361868703,-0.4037741363236163]},"Model":{"Name":"UpperTriagonalLinear","RectificationMatrix":[[1.0021001100540161,-0.0008993035880848765,0.0006330522592179477],[0,0.9986463189125061,-0.002879898063838482],[0,0,1.0022094249725342]]}},"T_Device_Imu":{"Translation":[0.00539528262731229,-0.10500293700015498,-0.09023187922047915],"UnitQuaternion":[0.6140221818512043,[-0.7822321336145902,-0.0924544992923777,0.05041641494640857]]},"SerialNumber":"","Label":"imu-right"}],"CameraCalibrations":[{"Calibrated":true,"Projection":{"Params":[242.16604614257812,319.03778076171875,243.19183349609375,-0.023741036653518677,0.09524291753768921,-0.06260571628808975,0.006069836672395468,0.0032877943012863398,-0.0006531442049890757,-0.00020653303363360465,0.0015925619518384337,0.00010889895202126354,-0.00016586913261562586,-0.0015532331308349967,0.00018341938266530633],"Description":"see FisheyeRadTanThinPrism.h","Name":"FisheyeRadTanThinPrism"},"T_Device_Camera":{"Translation":[-0.0006661759833693952,0.0008408891059160969,-0.000043741672543312626],"UnitQuaternion":[0.9999999346228944,[0.00003632403679282065,0.0003074224159369375,0.00018688560608668995]]},"SerialNumber":"0072510f1b210405090000071c220001","Label":"camera-slam-left"},{"Calibrated":true,"Projection":{"Params":[242.2893524169922,318.2650451660156,240.41998291015625,-0.02559790201485157,0.09968720376491547,-0.07003147900104523,0.012275307439267635,0.0008258657180704176,-0.00028248131275177,-0.000689647626131773,0.00015469331992790103,0.00034630822483450174,-0.00001967056050489191,0.00008710146357771009,-0.00009248741844203323],"Description":"see FisheyeRadTanThinPrism.h","Name":"FisheyeRadTanThinPrism"},"T_Device_Camera":{"Translation":[0.0049006904594417235,-0.11108441152793062,-0.08870850659576875],"UnitQuaternion":[0.7873465453880061,[0.6160560406852145,0.00831211868428963,0.02216485695438282]]},"SerialNumber":"0072510f1b2100050300001705180001","Label":"camera-slam-right"},{"Calibrated":true,"Projection":{"Params":[1220.592182729911,1464.618192267255,1442.370245962395,0.4143793791836057,-0.4859785980738274,0.1384912170175902,1.146000597558113,-1.66762626342011,0.6300994877479119,0.0007903390814906743,-0.0003460749279699183,-0.001078250965388323,0.00007704910825386041,0.0005214350246391408,-0.0001066039798202996],"Description":"see FisheyeRadTanThinPrism.h","Name":"FisheyeRadTanThinPrism"},"T_Device_Camera":{"Translation":[-0.004649907283024368,-0.0117841819813007,-0.005259712754704392],"UnitQuaternion":[0.9408775330482779,[0.3342488670083896,0.03661269624661617,0.041069126873451]]},"SerialNumber":"0450577b730511604401100000000000","Label":"camera-rgb"}]}
{"utc_timestamp_ns":-1,"tracking_timestamp_us":1794611667,"ImuCalibrations":[{"Calibrated":true,"Gyroscope":{"TimeOffsetSec_Device_Gyro":0.0013216553488746285,"Bias":{"Name":"Constant","Offset":[-0.0020011207517519934,-0.009576953625152434,0.00037544414587258295]},"Model":{"Name":"LinearGSensitivity","RectificationMatrix":[[1.0011019706726074,0.0011594982352107763,-0.0017974094953387976],[0.0001158840095740743,1.0043537616729736,-0.008681693114340305],[0.004489918239414692,0.009492415003478527,0.9835180044174194]],"GSensitivityMatrix":[[0,0,0],[0,0,0],[0,0,0]]}},"Accelerometer":{"TimeOffsetSec_Device_Accel":0.0005378523492254317,"Bias":{"Name":"Constant","Offset":[0.04200150451083666,-0.09880926264432861,0.04997874344658913]},"Model":{"Name":"UpperTriagonalLinear","RectificationMatrix":[[0.9939475655555725,-0.0004091938608326018,0.00022531964350491762],[0,0.9938291907310486,-0.009225096553564072],[0,0,1.0032925605773926]]}},"T_Device_Imu":{"Translation":[0.0004887908475151755,-0.00024996332799621544,-0.006502042578602889],"UnitQuaternion":[0.028829548980792676,[-0.6995050887345462,-0.7133042954003671,0.032534137508541866]]},"SerialNumber":"","Label":"imu-left"},{"Calibrated":true,"Gyroscope":{"TimeOffsetSec_Device_Gyro":0.0037496581207960844,"Bias":{"Name":"Constant","Offset":[0.002649571757015651,-0.0005502867391970142,0.0017261658627387565]},"Model":{"Name":"LinearGSensitivity","RectificationMatrix":[[0.9999222159385681,0.0046139070764184,0.0008051072945818305],[-0.005316737107932568,0.9994175434112549,-0.0035575132351368666],[-0.0012248550774529576,0.0009730728343129158,1.004387617111206]],"GSensitivityMatrix":[[0,0,0],[0,0,0],[0,0,0]]}},"Accelerometer":{"TimeOffsetSec_Device_Accel":0.0023718879092484713,"Bias":{"Name":"Constant","Offset":[-0.41179878660399544,-0.18209641361868703,-0.4037741363236163]},"Model":{"Name":"UpperTriagonalLinear","RectificationMatrix":[[1.0021001100540161,-0.0008993035880848765,0.0006330522592179477],[0,0.9986463189125061,-0.002879898063838482],[0,0,1.0022094249725342]]}},"T_Device_Imu":{"Translation":[0.00539528262731229,-0.10500293700015498,-0.09023187922047915],"UnitQuaternion":[0.6140221818512043,[-0.7822321336145902,-0.0924544992923777,0.05041641494640857]]},"SerialNumber":"","Label":"imu-right"}],"CameraCalibrations":[{"Calibrated":true,"Projection":{"Params":[242.16604614257812,319.03778076171875,243.19183349609375,-0.023741036653518677,0.09524291753768921,-0.06260571628808975,0.006069836672395468,0.0032877943012863398,-0.0006531442049890757,-0.00020653303363360465,0.0015925619518384337,0.00010889895202126354,-0.00016586913261562586,-0.0015532331308349967,0.00018341938266530633],"Description":"see FisheyeRadTanThinPrism.h","Name":"FisheyeRadTanThinPrism"},"T_Device_Camera":{"Translation":[-0.0006661759833693952,0.0008408891059160969,-0.000043741672543312626],"UnitQuaternion":[0.9999999346228944,[0.00003632403679282065,0.0003074224159369375,0.00018688560608668995]]},"SerialNumber":"0072510f1b210405090000071c220001","Label":"camera-slam-left"},{"Calibrated":true,"Projection":{"Params":[242.2893524169922,318.2650451660156,240.41998291015625,-0.02559790201485157,0.09968720376491547,-0.07003147900104523,0.012275307439267635,0.0008258657180704176,-0.00028248131275177,-0.000689647626131773,0.00015469331992790103,0.00034630822483450174,-0.00001967056050489191,0.00008710146357771009,-0.00009248741844203323],"Description":"see FisheyeRadTanThinPrism.h","Name":"FisheyeRadTanThinPrism"},"T_Device_Camera":{"Translation":[0.0049006904594417235,-0.11108441152793062,-0.08870850659576875],"UnitQuaternion":[0.7873465453880061,[0.6160560406852145,0.00831211868428963,0.02216485695438282]]},"SerialNumber":"0072510f1b2100050300001705180001","Label":"camera-slam-right"},{"Calibrated":true,"Projection":{"Params":[1220.592182729911,1464.618192267255,1442.370245962395,0.4143793791836057,-0.4859785980738274,0.1384912170175902,1.146000597558113,-1.66762626342011,0.6300994877479119,0.0007903390814906743,-0.0003460749279699183,-0.001078250965388323,0.00007704910825386041,0.0005214350246391408,-0.0001066039798202996],"Description":"see FisheyeRadTanThinPrism.h","Name":"FisheyeRadTanThinPrism"},"T_Device_Camera":{"Translation":[-0.004649907283024368,-0.0117841819813007,-0.005259712754704392],"UnitQuaternion":[0.9408775330482779,[0.3342488670083896,0.03661269624661617,0.041069126873451]]},"SerialNumber":"0450577b730511604401100000000000","Label":"camera-rgb"}]}
{"utc_timestamp_ns":-1,"tracking_timestamp_us":1794644995,"ImuCalibrations":[{"Calibrated":true,"Gyroscope":{"TimeOffsetSec_Device_Gyro":0.0013216553488746285,"Bias":{"Name":"Constant","Offset":[-0.0020011207517519934,-0.009576953625152434,0.00037544414587258295]},"Model":{"Name":"LinearGSensitivity","RectificationMatrix":[[1.0011019706726074,0.0011594982352107763,-0.0017974094953387976],[0.0001158840095740743,1.0043537616729736,-0.008681693114340305],[0.004489918239414692,0.009492415003478527,0.9835180044174194]],"GSensitivityMatrix":[[0,0,0],[0,0,0],[0,0,0]]}},"Accelerometer":{"TimeOffsetSec_Device_Accel":0.0005378523492254317,"Bias":{"Name":"Constant","Offset":[0.04200150451083666,-0.09880926264432861,0.04997874344658913]},"Model":{"Name":"UpperTriagonalLinear","RectificationMatrix":[[0.9939475655555725,-0.0004091938608326018,0.00022531964350491762],[0,0.9938291907310486,-0.009225096553564072],[0,0,1.0032925605773926]]}},"T_Device_Imu":{"Translation":[0.0004887908475151755,-0.00024996332799621544,-0.006502042578602889],"UnitQuaternion":[0.028829548980792676,[-0.6995050887345462,-0.7133042954003671,0.032534137508541866]]},"SerialNumber":"","Label":"imu-left"},{"Calibrated":true,"Gyroscope":{"TimeOffsetSec_Device_Gyro":0.0037496581207960844,"Bias":{"Name":"Constant","Offset":[0.002649571757015651,-0.0005502867391970142,0.0017261658627387565]},"Model":{"Name":"LinearGSensitivity","RectificationMatrix":[[0.9999222159385681,0.0046139070764184,0.0008051072945818305],[-0.005316737107932568,0.9994175434112549,-0.0035575132351368666],[-0.0012248550774529576,0.0009730728343129158,1.004387617111206]],"GSensitivityMatrix":[[0,0,0],[0,0,0],[0,0,0]]}},"Accelerometer":{"TimeOffsetSec_Device_Accel":0.0023718879092484713,"Bias":{"Name":"Constant","Offset":[-0.41179878660399544,-0.18209641361868703,-0.4037741363236163]},"Model":{"Name":"UpperTriagonalLinear","RectificationMatrix":[[1.0021001100540161,-0.0008993035880848765,0.0006330522592179477],[0,0.9986463189125061,-0.002879898063838482],[0,0,1.0022094249725342]]}},"T_Device_Imu":{"Translation":[0.00539528262731229,-0.10500293700015498,-0.09023187922047915],"UnitQuaternion":[0.6140221818512043,[-0.7822321336145902,-0.0924544992923777,0.05041641494640857]]},"SerialNumber":"","Label":"imu-right"}],"CameraCalibrations":[{"Calibrated":true,"Projection":{"Params":[242.16604614257812,319.03778076171875,243.19183349609375,-0.023741036653518677,0.09524291753768921,-0.06260571628808975,0.006069836672395468,0.0032877943012863398,-0.0006531442049890757,-0.00020653303363360465,0.0015925619518384337,0.00010889895202126354,-0.00016586913261562586,-0.0015532331308349967,0.00018341938266530633],"Description":"see FisheyeRadTanThinPrism.h","Name":"FisheyeRadTanThinPrism"},"T_Device_Camera":{"Translation":[-0.0006661759833693952,0.0008408891059160969,-0.000043741672543312626],"UnitQuaternion":[0.9999999346228944,[0.00003632403679282065,0.0003074224159369375,0.00018688560608668995]]},"SerialNumber":"0072510f1b210405090000071c220001","Label":"camera-slam-left"},{"Calibrated":true,"Projection":{"Params":[242.2893524169922,318.2650451660156,240.41998291015625,-0.02559790201485157,0.09968720376491547,-0.07003147900104523,0.012275307439267635,0.0008258657180704176,-0.00028248131275177,-0.000689647626131773,0.00015469331992790103,0.00034630822483450174,-0.00001967056050489191,0.00008710146357771009,-0.00009248741844203323],"Description":"see FisheyeRadTanThinPrism.h","Name":"FisheyeRadTanThinPrism"},"T_Device_Camera":{"Translation":[0.0049006904594417235,-0.11108441152793062,-0.08870850659576875],"UnitQuaternion":[0.7873465453880061,[0.6160560406852145,0.00831211868428963,0.02216485695438282]]},"SerialNumber":"0072510f1b2100050300001705180001","Label":"camera-slam-right"},{"Calibrated":true,"Projection":{"Params":[1220.592182729911,1464.618192267255,1442.370245962395,0.4143793791836057,-0.4859785980738274,0.1384912170175902,1.146000597558113,-1.66762626342011,0.6300994877479119,0.0007903390814906743,-0.0003460749279699183,-0.001078250965388323,0.00007704910825386041,0.0005214350246391408,-0.0001066039798202996],"Description":"see FisheyeRadTanThinPrism.h","Name":"FisheyeRadTanThinPrism"},"T_Device_Camera":{"Translation":[-0.004649907283024368,-0.0117841819813007,-0.005259712754704392],"UnitQuaternion":[0.9408775330482779,[0.3342488670083896,0.03661269624661617,0.041069126873451]]},"SerialNumber":"0450577b730511604401100000000000","Label":"camera-rgb"}]}
{"utc_timestamp_ns":-1,"tracking_timestamp_us":1794678323,"ImuCalibrations":[{"Calibrated":true,"Gyroscope":{"TimeOffsetSec_Device_Gyro":0.0013216553488746285,"Bias":{"Name":"Constant","Offset":[-0.0020011207517519934,-0.009576953625152434,0.00037544414587258295]},"Model":{"Name":"LinearGSensitivity","RectificationMatrix":[[1.0011019706726074,0.0011594982352107763,-0.0017974094953387976],[0.0001158840095740743,1.0043537616729736,-0.008681693114340305],[0.004489918239414692,0.009492415003478527,0.9835180044174194]],"GSensitivityMatrix":[[0,0,0],[0,0,0],[0,0,0]]}},"Accelerometer":{"TimeOffsetSec_Device_Accel":0.0005378523492254317,"Bias":{"Name":"Constant","Offset":[0.04200150451083666,-0.09880926264432861,0.04997874344658913]},"Model":{"Name":"UpperTriagonalLinear","RectificationMatrix":[[0.9939475655555725,-0.0004091938608326018,0.00022531964350491762],[0,0.9938291907310486,-0.009225096553564072],[0,0,1.0032925605773926]]}},"T_Device_Imu":{"Translation":[0.0004887908475151755,-0.00024996332799621544,-0.006502042578602889],"UnitQuaternion":[0.028829548980792676,[-0.6995050887345462,-0.7133042954003671,0.032534137508541866]]},"SerialNumber":"","Label":"imu-left"},{"Calibrated":true,"Gyroscope":{"TimeOffsetSec_Device_Gyro":0.0037496581207960844,"Bias":{"Name":"Constant","Offset":[0.002649571757015651,-0.0005502867391970142,0.0017261658627387565]},"Model":{"Name":"LinearGSensitivity","RectificationMatrix":[[0.9999222159385681,0.0046139070764184,0.0008051072945818305],[-0.005316737107932568,0.9994175434112549,-0.0035575132351368666],[-0.0012248550774529576,0.0009730728343129158,1.004387617111206]],"GSensitivityMatrix":[[0,0,0],[0,0,0],[0,0,0]]}},"Accelerometer":{"TimeOffsetSec_Device_Accel":0.0023718879092484713,"Bias":{"Name":"Constant","Offset":[-0.41179878660399544,-0.18209641361868703,-0.4037741363236163]},"Model":{"Name":"UpperTriagonalLinear","RectificationMatrix":[[1.0021001100540161,-0.0008993035880848765,0.0006330522592179477],[0,0.9986463189125061,-0.002879898063838482],[0,0,1.0022094249725342]]}},"T_Device_Imu":{"Translation":[0.00539528262731229,-0.10500293700015498,-0.09023187922047915],"UnitQuaternion":[0.6140221818512043,[-0.7822321336145902,-0.0924544992923777,0.05041641494640857]]},"SerialNumber":"","Label":"imu-right"}],"CameraCalibrations":[{"Calibrated":true,"Projection":{"Params":[242.16604614257812,319.03778076171875,243.19183349609375,-0.023741036653518677,0.09524291753768921,-0.06260571628808975,0.006069836672395468,0.0032877943012863398,-0.0006531442049890757,-0.00020653303363360465,0.0015925619518384337,0.00010889895202126354,-0.00016586913261562586,-0.0015532331308349967,0.00018341938266530633],"Description":"see FisheyeRadTanThinPrism.h","Name":"FisheyeRadTanThinPrism"},"T_Device_Camera":{"Translation":[-0.0006661759833693952,0.0008408891059160969,-0.000043741672543312626],"UnitQuaternion":[0.9999999346228944,[0.00003632403679282065,0.0003074224159369375,0.00018688560608668995]]},"SerialNumber":"0072510f1b210405090000071c220001","Label":"camera-slam-left"},{"Calibrated":true,"Projection":{"Params":[242.2893524169922,318.2650451660156,240.41998291015625,-0.02559790201485157,0.09968720376491547,-0.07003147900104523,0.012275307439267635,0.0008258657180704176,-0.00028248131275177,-0.000689647626131773,0.00015469331992790103,0.00034630822483450174,-0.00001967056050489191,0.00008710146357771009,-0.00009248741844203323],"Description":"see FisheyeRadTanThinPrism.h","Name":"FisheyeRadTanThinPrism"},"T_Device_Camera":{"Translation":[0.0049006904594417235,-0.11108441152793062,-0.08870850659576875],"UnitQuaternion":[0.7873465453880061,[0.6160560406852145,0.00831211868428963,0.02216485695438282]]},"SerialNumber":"0072510f1b2100050300001705180001","Label":"camera-slam-right"},{"Calibrated":true,"Projection":{"Params":[1220.592182729911,1464.618192267255,1442.370245962395,0.4143793791836057,-0.4859785980738274,0.1384912170175902,1.146000597558113,-1.66762626342011,0.6300994877479119,0.0007903390814906743,-0.0003460749279699183,-0.001078250965388323,0.00007704910825386041,0.0005214350246391408,-0.0001066039798202996],"Description":"see FisheyeRadTanThinPrism.h","Name":"FisheyeRadTanThinPrism"},"T_Device_Camera":{"Translation":[-0.004649907283024368,-0.0117841819813007,-0.005259712754704392],"UnitQuaternion":[0.9408775330482779,[0.3342488670083896,0.03661269624661617,0.041069126873451]]},"SerialNumber":"0450577b730511604401100000000000","Label":"camera-rgb"}]}
{"utc_timestamp_ns":-1,"tracking_timestamp_us":1794711651,"ImuCalibrations":[{"Calibrated":true,"Gyroscope":{"TimeOffsetSec_Device_Gyro":0.0013216553488746285,"Bias":{"Name":"Constant","Offset":[-0.0020011207517519934,-0.009576953625152434,0.00037544414587258295]},"Model":{"Name":"LinearGSensitivity","RectificationMatrix":[[1.0011019706726074,0.0011594982352107763,-0.0017974094953387976],[0.0001158840095740743,1.0043537616729736,-0.008681693114340305],[0.004489918239414692,0.009492415003478527,0.9835180044174194]],"GSensitivityMatrix":[[0,0,0],[0,0,0],[0,0,0]]}},"Accelerometer":{"TimeOffsetSec_Device_Accel":0.0005378523492254317,"Bias":{"Name":"Constant","Offset":[0.04200150451083666,-0.09880926264432861,0.04997874344658913]},"Model":{"Name":"UpperTriagonalLinear","RectificationMatrix":[[0.9939475655555725,-0.0004091938608326018,0.00022531964350491762],[0,0.9938291907310486,-0.009225096553564072],[0,0,1.0032925605773926]]}},"T_Device_Imu":{"Translation":[0.0004887908475151755,-0.00024996332799621544,-0.006502042578602889],"UnitQuaternion":[0.028829548980792676,[-0.6995050887345462,-0.7133042954003671,0.032534137508541866]]},"SerialNumber":"","Label":"imu-left"},{"Calibrated":true,"Gyroscope":{"TimeOffsetSec_Device_Gyro":0.0037496581207960844,"Bias":{"Name":"Constant","Offset":[0.002649571757015651,-0.0005502867391970142,0.0017261658627387565]},"Model":{"Name":"LinearGSensitivity","RectificationMatrix":[[0.9999222159385681,0.0046139070764184,0.0008051072945818305],[-0.005316737107932568,0.9994175434112549,-0.0035575132351368666],[-0.0012248550774529576,0.0009730728343129158,1.004387617111206]],"GSensitivityMatrix":[[0,0,0],[0,0,0],[0,0,0]]}},"Accelerometer":{"TimeOffsetSec_Device_Accel":0.0023718879092484713,"Bias":{"Name":"Constant","Offset":[-0.41179878660399544,-0.18209641361868703,-0.4037741363236163]},"Model":{"Name":"UpperTriagonalLinear","RectificationMatrix":[[1.0021001100540161,-0.0008993035880848765,0.0006330522592179477],[0,0.9986463189125061,-0.002879898063838482],[0,0,1.0022094249725342]]}},"T_Device_Imu":{"Translation":[0.00539528262731229,-0.10500293700015498,-0.09023187922047915],"UnitQuaternion":[0.6140221818512043,[-0.7822321336145902,-0.0924544992923777,0.05041641494640857]]},"SerialNumber":"","Label":"imu-right"}],"CameraCalibrations":[{"Calibrated":true,"Projection":{"Params":[242.16604614257812,319.03778076171875,243.19183349609375,-0.023741036653518677,0.09524291753768921,-0.06260571628808975,0.006069836672395468,0.0032877943012863398,-0.0006531442049890757,-0.00020653303363360465,0.0015925619518384337,0.00010889895202126354,-0.00016586913261562586,-0.0015532331308349967,0.00018341938266530633],"Description":"see FisheyeRadTanThinPrism.h","Name":"FisheyeRadTanThinPrism"},"T_Device_Camera":{"Translation":[-0.0006661759833693952,0.0008408891059160969,-0.000043741672543312626],"UnitQuaternion":[0.9999999346228944,[0.00003632403679282065,0.0003074224159369375,0.00018688560608668995]]},"SerialNumber":"0072510f1b210405090000071c220001","Label":"camera-slam-left"},{"Calibrated":true,"Projection":{"Params":[242.2893524169922,318.2650451660156,240.41998291015625,-0.02559790201485157,0.09968720376491547,-0.07003147900104523,0.012275307439267635,0.0008258657180704176,-0.00028248131275177,-0.000689647626131773,0.00015469331992790103,0.00034630822483450174,-0.00001967056050489191,0.00008710146357771009,-0.00009248741844203323],"Description":"see FisheyeRadTanThinPrism.h","Name":"FisheyeRadTanThinPrism"},"T_Device_Camera":{"Translation":[0.0049006904594417235,-0.11108441152793062,-0.08870850659576875],"UnitQuaternion":[0.7873465453880061,[0.6160560406852145,0.00831211868428963,0.02216485695438282]]},"SerialNumber":"0072510f1b2100050300001705180001","Label":"camera-slam-right"},{"Calibrated":true,"Projection":{"Params":[1220.592182729911,1464.618192267255,1442.370245962395,0.4143793791836057,-0.4859785980738274,0.1384912170175902,1.146000597558113,-1.66762626342011,0.6300994877479119,0.0007903390814906743,-0.0003460749279699183,-0.001078250965388323,0.00007704910825386041,0.0005214350246391408,-0.0001066039798202996],"Description":"see FisheyeRadTanThinPrism.h","Name":"FisheyeRadTanThinPrism"},"T_Device_Camera":{"Translation":[-0.004649907283024368,-0.0117841819813007,-0.005259712754704392],"UnitQuaternion":[0.9408775330482779,[0.3342488670083896,0.03661269624661617,0.041069126873451]]},"SerialNumber":"0450577b730511604401100000000000","Label":"camera-rgb"}]}
{"utc_timestamp_ns":-1,"tracking_timestamp_us":1794744979,"ImuCalibrations":[{"Calibrated":true,"Gyroscope":{"TimeOffsetSec_Device_Gyro":0.0013216553488746285,"Bias":{"Name":"Constant","Offset":[-0.0020011207517519934,-0.009576953625152434,0.00037544414587258295]},"Model":{"Name":"LinearGSensitivity","RectificationMatrix":[[1.0011019706726074,0.0011594982352107763,-0.0017974094953387976],[0.0001158840095740743,1.0043537616729736,-0.008681693114340305],[0.004489918239414692,0.009492415003478527,0.9835180044174194]],"GSensitivityMatrix":[[0,0,0],[0,0,0],[0,0,0]]}},"Accelerometer":{"TimeOffsetSec_Device_Accel":0.0005378523492254317,"Bias":{"Name":"Constant","Offset":[0.04200150451083666,-0.09880926264432861,0.04997874344658913]},"Model":{"Name":"UpperTriagonalLinear","RectificationMatrix":[[0.9939475655555725,-0.0004091938608326018,0.00022531964350491762],[0,0.9938291907310486,-0.009225096553564072],[0,0,1.0032925605773926]]}},"T_Device_Imu":{"Translation":[0.0004887908475151755,-0.00024996332799621544,-0.006502042578602889],"UnitQuaternion":[0.028829548980792676,[-0.6995050887345462,-0.7133042954003671,0.032534137508541866]]},"SerialNumber":"","Label":"imu-left"},{"Calibrated":true,"Gyroscope":{"TimeOffsetSec_Device_Gyro":0.0037496581207960844,"Bias":{"Name":"Constant","Offset":[0.002649571757015651,-0.0005502867391970142,0.0017261658627387565]},"Model":{"Name":"LinearGSensitivity","RectificationMatrix":[[0.9999222159385681,0.0046139070764184,0.0008051072945818305],[-0.005316737107932568,0.9994175434112549,-0.0035575132351368666],[-0.0012248550774529576,0.0009730728343129158,1.004387617111206]],"GSensitivityMatrix":[[0,0,0],[0,0,0],[0,0,0]]}},"Accelerometer":{"TimeOffsetSec_Device_Accel":0.0023718879092484713,"Bias":{"Name":"Constant","Offset":[-0.41179878660399544,-0.18209641361868703,-0.4037741363236163]},"Model":{"Name":"UpperTriagonalLinear","RectificationMatrix":[[1.0021001100540161,-0.0008993035880848765,0.0006330522592179477],[0,0.9986463189125061,-0.002879898063838482],[0,0,1.0022094249725342]]}},"T_Device_Imu":{"Translation":[0.00539528262731229,-0.10500293700015498,-0.09023187922047915],"UnitQuaternion":[0.6140221818512043,[-0.7822321336145902,-0.0924544992923777,0.05041641494640857]]},"SerialNumber":"","Label":"imu-right"}],"CameraCalibrations":[{"Calibrated":true,"Projection":{"Params":[242.16604614257812,319.03778076171875,243.19183349609375,-0.023741036653518677,0.09524291753768921,-0.06260571628808975,0.006069836672395468,0.0032877943012863398,-0.0006531442049890757,-0.00020653303363360465,0.0015925619518384337,0.00010889895202126354,-0.00016586913261562586,-0.0015532331308349967,0.00018341938266530633],"Description":"see FisheyeRadTanThinPrism.h","Name":"FisheyeRadTanThinPrism"},"T_Device_Camera":{"Translation":[-0.0006661759833693952,0.0008408891059160969,-0.000043741672543312626],"UnitQuaternion":[0.9999999346228944,[0.00003632403679282065,0.0003074224159369375,0.00018688560608668995]]},"SerialNumber":"0072510f1b210405090000071c220001","Label":"camera-slam-left"},{"Calibrated":true,"Projection":{"Params":[242.2893524169922,318.2650451660156,240.41998291015625,-0.02559790201485157,0.09968720376491547,-0.07003147900104523,0.012275307439267635,0.0008258657180704176,-0.00028248131275177,-0.000689647626131773,0.00015469331992790103,0.00034630822483450174,-0.00001967056050489191,0.00008710146357771009,-0.00009248741844203323],"Description":"see FisheyeRadTanThinPrism.h","Name":"FisheyeRadTanThinPrism"},"T_Device_Camera":{"Translation":[0.0049006904594417235,-0.11108441152793062,-0.08870850659576875],"UnitQuaternion":[0.7873465453880061,[0.6160560406852145,0.00831211868428963,0.02216485695438282]]},"SerialNumber":"0072510f1b2100050300001705180001","Label":"camera-slam-right"},{"Calibrated":true,"Projection":{"Params":[1220.592182729911,1464.618192267255,1442.370245962395,0.4143793791836057,-0.4859785980738274,0.1384912170175902,1.146000597558113,-1.66762626342011,0.6300994877479119,0.0007903390814906743,-0.0003460749279699183,-0.001078250965388323,0.00007704910825386041,0.0005214350246391408,-0.0001066039798202996],"Description":"see FisheyeRadTanThinPrism.h","Name":"FisheyeRadTanThinPrism"},"T_Device_Camera":{"Translation":[-0.004649907283024368,-0.0117841819813007,-0.005259712754704392],"UnitQuaternion":[0.9408775330482779,[0.3342488670083896,0.03661269624661617,0.041069126873451]]},"SerialNumber":"0450577b730511604401100000000000","Label":"camera-rgb"}]}
